0,5;0,9;0,19;0,19;0,18;0,14;0,11;0,6;0,2;0,18;0,12;0,10;0,6;0,1;0,8;0,6;0,11;0,2;0,13;0,14;0,11;0,8;0,4;0,3;0,17;0,2;0,2;0,7;0,12;0,2;0,9;0,7;0,13;0,0;0,14;0,13;0,14;0,16;0,16;0,14;0,2;0,3;0,2;0,11;0,3;0,17;0,2;0,14;0,16;0,1;0,7;0,13;0,1;0,15;0,3;0,12;0,13;0,12;0,16;0,0;0,6;0,0;0,14;0,19;0,16;0,4;0,6;0,18;0,6;0,1;0,7;0,14;0,0;0,11;0,7;0,17;0,4;0,15;0,9;0,11;0,6;0,6;0,7;0,4;0,8;0,4;
0,2;0,19;0,10;0,19;0,15;0,13;0,14;0,4;0,7;0,4;0,6;0,1;0,17;0,14;0,16;0,18;0,18;0,1;0,9;0,1;0,8;0,1;0,18;0,17;0,8;0,12;0,19;0,5;0,16;0,0;0,7;0,11;0,19;0,18;0,12;0,10;0,9;0,15;0,15;0,16;0,10;0,3;0,5;0,6;0,5;0,8;0,2;0,15;0,3;0,6;0,14;0,3;0,18;0,18;0,19;0,12;0,19;0,6;0,0;0,7;0,8;0,17;0,10;0,0;0,18;0,12;0,18;0,5;0,5;0,12;0,18;0,19;0,2;0,2;0,12;0,5;0,16;0,18;0,2;0,6;0,12;0,10;0,8;0,7;0,10;0,17;
0,13;0,18;0,17;0,18;0,7;0,16;0,17;0,19;0,18;0,1;0,9;0,10;0,16;0,14;0,10;0,11;0,9;0,14;0,11;0,14;0,3;0,12;0,11;0,6;0,13;0,2;0,7;0,4;0,10;0,4;0,11;0,5;0,7;0,15;0,1;0,14;0,17;0,7;0,0;0,19;0,16;0,11;0,8;0,16;0,14;0,14;0,9;0,9;0,1;0,0;0,12;0,4;0,8;0,5;0,15;0,18;0,16;0,5;0,6;0,14;0,18;0,9;0,1;0,15;0,16;0,15;0,16;0,7;0,7;0,3;0,8;0,5;0,1;0,16;0,2;0,3;0,2;0,19;0,10;0,10;0,19;0,2;0,10;0,19;0,4;0,1;
0,19;0,1;0,17;0,12;0,5;0,3;0,16;0,19;0,16;0,0;0,3;0,2;0,3;0,2;0,9;0,1;0,11;0,5;0,1;0,18;0,7;0,11;0,18;0,1;0,8;0,13;0,5;0,11;0,0;0,5;0,1;0,19;0,5;0,15;0,13;0,7;0,1;0,18;0,4;0,10;0,12;0,7;0,16;0,19;0,19;0,15;0,18;0,19;0,10;0,10;0,15;0,19;0,0;0,9;0,19;0,7;0,14;0,16;0,14;0,2;0,9;0,13;0,13;0,19;0,3;0,12;0,12;0,19;0,6;0,5;0,12;0,14;0,7;0,8;0,17;0,2;0,1;0,17;0,11;0,7;0,2;0,13;0,1;0,12;0,8;0,2;
0,12;0,19;0,3;0,16;0,15;0,13;0,17;0,3;0,3;0,10;0,7;0,7;0,0;0,10;0,0;0,6;0,2;0,13;0,9;0,6;0,7;0,0;0,7;0,3;0,13;0,9;0,0;0,14;0,14;0,4;0,6;0,11;0,13;0,9;0,6;0,11;0,18;0,4;0,12;0,14;0,9;0,5;0,9;0,16;0,2;0,15;0,19;0,8;0,8;0,17;0,19;0,16;0,8;0,16;0,2;0,4;0,11;0,18;0,14;0,4;0,13;0,3;0,0;0,6;0,11;0,13;0,14;0,19;0,3;0,5;0,12;0,7;0,17;0,13;0,15;0,19;0,13;0,0;0,11;0,2;0,5;0,15;0,16;0,11;0,11;0,6;
0,8;0,3;0,13;0,15;0,11;0,16;0,7;0,9;0,10;0,4;0,4;0,13;0,10;0,19;0,13;0,18;0,12;0,9;0,1;0,14;0,12;0,3;0,14;0,8;0,0;0,5;0,5;0,6;0,1;0,14;0,5;0,5;0,19;0,15;0,15;0,0;0,4;0,0;0,10;0,13;0,5;0,11;0,0;0,0;0,15;0,4;0,13;0,14;0,8;0,1;0,5;0,15;0,9;0,1;0,2;0,13;0,5;0,5;0,14;0,9;0,14;0,3;0,0;0,5;0,8;0,1;0,8;0,19;0,10;0,16;0,19;0,7;0,2;0,6;0,11;0,13;0,18;0,0;0,11;0,11;0,13;0,18;0,18;0,6;0,5;0,4;
0,12;0,1;0,1;0,11;0,16;0,11;0,14;0,18;0,16;0,17;0,11;0,4;0,6;0,18;0,6;0,3;0,15;0,3;0,17;0,11;0,9;0,6;0,14;0,2;0,17;0,16;0,19;0,9;0,15;0,12;0,7;0,2;0,9;0,6;0,16;0,7;0,17;0,2;0,12;0,17;0,14;0,13;0,15;0,19;0,2;0,2;0,15;0,0;0,15;0,6;0,3;0,0;0,4;0,13;0,15;0,0;0,11;0,0;0,7;0,15;0,3;0,14;0,16;0,5;0,18;0,16;0,18;0,4;0,1;0,13;0,4;0,18;0,4;0,19;0,12;0,11;0,15;0,17;0,17;0,4;0,14;0,15;0,3;0,4;0,11;0,0;
0,17;0,7;0,11;0,16;0,6;0,3;0,7;0,2;0,16;0,0;0,14;0,2;0,5;0,6;0,17;0,2;0,4;0,9;0,7;0,9;0,14;0,11;0,13;0,19;0,12;0,13;0,7;0,3;0,14;0,8;0,4;0,9;0,3;0,11;0,5;0,5;0,13;0,18;0,6;0,8;0,5;0,1;0,0;0,4;0,4;0,18;0,12;0,14;0,13;0,7;0,13;0,9;0,0;0,6;0,5;0,13;0,15;0,14;0,17;0,2;0,13;0,2;0,0;0,3;0,3;0,18;0,18;0,11;0,18;0,9;0,17;0,12;0,4;0,9;0,4;0,14;0,11;0,5;0,6;0,7;0,17;0,11;0,13;0,16;0,5;0,5;
0,14;0,14;0,6;0,4;0,0;0,18;0,15;0,12;0,2;0,4;0,15;0,9;0,17;0,6;0,16;0,16;0,1;0,5;0,16;0,0;0,19;0,18;0,2;0,6;0,1;0,12;0,18;0,13;0,3;0,4;0,8;0,7;0,3;0,0;0,8;0,7;0,8;0,19;0,2;0,14;0,16;0,7;0,17;0,11;0,17;0,18;0,10;0,1;0,6;0,3;0,10;0,9;0,13;0,18;0,14;0,18;0,2;0,14;0,11;0,17;0,1;0,17;0,8;0,0;0,5;0,18;0,16;0,6;0,9;0,17;0,4;0,12;0,14;0,4;0,2;0,16;0,0;0,19;0,0;0,18;0,17;0,16;0,6;0,0;0,6;0,2;
0,13;0,2;0,4;0,10;0,10;0,2;0,17;0,12;0,19;0,4;0,3;0,1;0,12;0,4;0,2;0,19;0,7;0,14;0,0;0,10;0,11;0,1;0,15;0,13;0,0;0,17;0,11;0,2;0,19;0,8;0,19;0,10;0,5;0,16;0,16;0,14;0,13;0,12;0,10;0,13;0,5;0,16;0,2;0,13;0,17;0,0;0,19;0,6;0,16;0,12;0,0;0,5;0,19;0,12;0,10;0,6;0,3;0,16;0,3;0,1;0,3;0,7;0,7;0,10;0,15;0,1;0,13;0,4;0,17;0,19;0,10;0,18;0,10;0,1;0,17;0,13;0,19;0,12;0,10;0,6;0,16;0,16;0,3;0,5;0,14;0,0;
0,18;0,7;0,6;0,1;0,16;0,10;0,10;0,14;0,2;0,8;0,10;0,3;0,10;0,3;0,7;0,9;0,17;0,6;0,8;0,9;0,16;0,4;0,6;0,6;0,2;0,11;0,13;0,13;0,15;0,8;0,12;0,19;0,1;0,17;0,10;0,10;0,16;0,1;0,9;0,8;0,7;0,13;0,5;0,2;0,17;0,10;0,5;0,15;0,0;0,17;0,5;0,13;0,6;0,17;0,19;0,19;0,6;0,9;0,0;0,11;0,6;0,0;0,16;0,7;0,14;0,4;0,11;0,18;0,3;0,12;0,9;0,8;0,16;0,9;0,17;0,8;0,1;0,0;0,5;0,5;0,15;0,11;0,12;0,7;0,1;0,17;
0,0;0,7;0,16;0,8;0,10;0,16;0,18;0,0;0,6;0,10;0,11;0,1;0,16;0,13;0,19;0,9;0,0;0,2;0,3;0,15;0,19;0,10;0,0;0,8;0,13;0,5;0,17;0,11;0,14;0,2;0,5;0,6;0,17;0,9;0,4;0,4;0,6;0,15;0,15;0,14;0,11;0,8;0,10;0,15;0,14;0,4;0,7;0,8;0,0;0,12;0,7;0,19;0,3;0,2;0,19;0,15;0,13;0,0;0,5;0,5;0,12;0,10;0,16;0,0;0,15;0,15;0,10;0,4;0,1;0,6;0,2;0,18;0,8;0,12;0,12;0,1;0,8;0,8;0,14;0,10;0,13;0,19;0,15;0,17;0,5;0,6;
0,9;0,1;0,7;0,0;0,0;0,18;0,3;0,1;0,8;0,9;0,17;0,6;0,3;0,1;0,12;0,17;0,16;0,8;0,16;0,10;0,12;0,16;0,3;0,13;0,8;0,10;0,4;0,9;0,7;0,18;0,14;0,19;0,15;0,18;0,17;0,14;0,13;0,3;0,19;0,5;0,15;0,1;0,13;0,15;0,14;0,0;0,5;0,1;0,15;0,15;0,1;0,15;0,18;0,2;0,16;0,0;0,14;0,2;0,14;0,11;0,4;0,13;0,18;0,17;0,15;0,19;0,16;0,7;0,5;0,11;0,18;0,3;0,18;0,16;0,5;0,10;0,7;0,16;0,3;0,4;0,12;0,16;0,12;0,13;0,0;0,10;
0,12;0,0;0,18;0,2;0,17;0,0;0,8;0,12;0,13;0,6;0,16;0,17;0,16;0,11;0,4;0,10;0,2;0,5;0,3;0,4;0,18;0,9;0,19;0,19;0,0;0,13;0,18;0,8;0,17;0,17;0,17;0,8;0,17;0,7;0,10;0,6;0,5;0,0;0,5;0,1;0,9;0,16;0,16;0,11;0,16;0,3;0,5;0,11;0,0;0,0;0,12;0,7;0,16;0,3;0,9;0,14;0,15;0,18;0,4;0,16;0,13;0,1;0,6;0,6;0,11;0,7;0,16;0,8;0,16;0,4;0,17;0,7;0,1;0,13;0,8;0,17;0,14;0,0;0,0;0,15;0,13;0,5;0,18;0,5;0,12;0,6;
0,11;0,14;0,14;0,3;0,5;0,2;0,10;0,16;0,19;0,7;0,0;0,10;0,7;0,8;0,2;0,19;0,7;0,10;0,15;0,6;0,1;0,2;0,6;0,3;0,15;0,2;0,15;0,15;0,1;0,3;0,1;0,0;0,18;0,17;0,0;0,2;0,10;0,7;0,4;0,7;0,6;0,15;0,16;0,17;0,13;0,6;0,13;0,17;0,15;0,15;0,0;0,10;0,14;0,19;0,8;0,6;0,13;0,18;0,13;0,9;0,13;0,1;0,15;0,7;0,19;0,18;0,17;0,1;0,13;0,0;0,18;0,9;0,1;0,6;0,12;0,11;0,3;0,18;0,2;0,9;0,17;0,14;0,9;0,17;0,8;0,15;
0,7;0,13;0,18;0,2;0,6;0,5;0,12;0,12;0,15;0,8;0,1;0,8;0,9;0,0;0,19;0,13;0,9;0,18;0,3;0,18;0,15;0,14;0,10;0,13;0,9;0,1;0,9;0,0;0,19;0,1;0,8;0,19;0,11;0,3;0,10;0,16;0,14;0,18;0,7;0,0;0,0;0,9;0,13;0,12;0,11;0,11;0,1;0,12;0,2;0,11;0,6;0,4;0,0;0,14;0,18;0,8;0,1;0,10;0,1;0,8;0,10;0,3;0,15;0,4;0,17;0,5;0,5;0,1;0,11;0,15;0,2;0,12;0,9;0,9;0,11;0,10;0,7;0,5;0,16;0,6;0,6;0,10;0,1;0,0;0,12;0,12;
0,16;0,14;0,0;0,9;0,9;0,15;0,11;0,0;0,17;0,18;0,16;0,14;0,4;0,11;0,4;0,0;0,13;0,17;0,9;0,11;0,4;0,8;0,3;0,13;0,11;0,19;0,16;0,15;0,14;0,12;0,4;0,7;0,4;0,12;0,13;0,13;0,9;0,1;0,0;0,9;0,17;0,10;0,11;0,10;0,4;0,12;0,18;0,1;0,3;0,8;0,7;0,9;0,14;0,5;0,18;0,13;0,6;0,5;0,12;0,1;0,9;0,2;0,5;0,4;0,14;0,7;0,10;0,9;0,3;0,14;0,3;0,1;0,6;0,0;0,15;0,7;0,15;0,10;0,4;0,0;0,14;0,13;0,0;0,19;0,3;0,1;
0,4;0,7;0,3;0,6;0,1;0,19;0,3;0,7;0,15;0,8;0,1;0,13;0,12;0,14;0,4;0,6;0,6;0,13;0,18;0,5;0,0;0,0;0,18;0,5;0,17;0,16;0,4;0,3;0,9;0,14;0,5;0,4;0,3;0,2;0,0;0,14;0,4;0,9;0,12;0,16;0,0;0,6;0,19;0,17;0,15;0,17;0,14;0,5;0,4;0,7;0,19;0,7;0,17;0,3;0,14;0,5;0,8;0,10;0,9;0,10;0,7;0,1;0,5;0,12;0,0;0,8;0,11;0,12;0,7;0,10;0,7;0,11;0,6;0,9;0,17;0,9;0,7;0,9;0,10;0,3;0,14;0,2;0,18;0,2;0,1;0,11;
0,18;0,0;0,17;0,9;0,9;0,14;0,6;0,18;0,1;0,8;0,2;0,4;0,7;0,5;0,15;0,2;0,6;0,15;0,5;0,2;0,8;0,6;0,11;0,1;0,1;0,2;0,16;0,4;0,16;0,3;0,3;0,16;0,9;0,11;0,12;0,15;0,19;0,4;0,8;0,4;0,7;0,0;0,19;0,4;0,12;0,15;0,9;0,12;0,9;0,3;0,9;0,3;0,4;0,11;0,16;0,12;0,9;0,1;0,16;0,12;0,16;0,0;0,3;0,7;0,2;0,9;0,3;0,19;0,13;0,16;0,7;0,2;0,17;0,8;0,19;0,11;0,14;0,17;0,6;0,18;0,1;0,15;0,15;0,16;0,15;0,10;
0,3;0,9;0,15;0,7;0,14;0,8;0,7;0,11;0,0;0,16;0,11;0,17;0,10;0,16;0,7;0,0;0,11;0,8;0,14;0,19;0,8;0,10;0,19;0,13;0,9;0,5;0,14;0,14;0,8;0,11;0,9;0,1;3,19;0,9;3,4;3,2;3,14;3,7;3,15;3,2;3,2;0,1;3,8;3,18;3,6;3,7;0,3;0,7;0,15;0,10;0,19;0,12;0,4;0,3;0,3;0,15;0,14;0,1;0,11;0,2;0,6;0,7;0,17;0,14;0,3;0,4;0,19;0,9;0,5;0,0;0,1;0,14;0,12;0,8;0,3;0,12;0,12;0,19;0,5;0,9;0,12;0,15;0,16;0,17;0,8;0,2;
0,18;0,6;0,16;0,1;0,4;0,1;0,11;0,8;0,14;0,8;0,4;0,15;0,10;0,12;0,5;0,6;0,1;0,14;0,17;0,15;0,8;0,17;0,11;0,10;0,10;0,0;0,6;0,16;0,1;0,11;0,11;3,13;3,8;3,12;3,15;3,8;3,17;3,1;3,5;3,14;3,4;3,3;3,10;3,4;3,19;3,7;3,7;0,9;0,0;0,8;0,8;0,10;0,9;0,4;0,13;0,15;0,12;0,16;0,1;0,18;0,18;0,16;0,3;0,6;0,17;0,10;0,5;0,8;0,8;0,13;0,0;0,8;0,16;0,0;0,8;0,7;0,4;0,7;0,2;0,7;0,3;0,16;0,8;0,9;0,2;0,19;
0,11;0,19;0,6;0,2;0,5;0,3;0,11;0,9;0,9;0,7;0,17;0,5;0,7;0,2;0,12;0,1;0,17;0,11;0,9;0,13;0,17;0,9;0,13;0,4;0,4;0,0;0,3;0,12;0,16;0,4;3,2;3,2;3,14;3,15;3,16;3,0;3,1;3,7;3,17;3,11;3,3;3,19;3,1;3,3;3,10;3,15;3,15;3,10;0,16;0,7;0,1;0,10;0,4;0,0;0,0;0,13;0,1;0,14;0,15;0,2;0,12;0,19;0,9;0,18;0,5;0,12;0,17;0,17;0,6;0,12;0,18;0,7;0,1;0,18;0,2;0,11;0,19;0,3;0,8;0,18;0,19;0,9;0,7;0,14;0,6;0,17;
0,5;0,19;0,16;0,9;0,5;0,8;0,16;0,12;0,10;0,12;0,4;0,9;0,18;0,14;0,5;0,1;0,10;0,5;0,18;0,19;0,3;0,5;0,10;0,16;0,10;0,19;0,16;0,8;0,1;0,4;0,4;3,14;3,6;3,18;3,7;3,11;3,0;3,18;3,17;3,4;3,5;3,6;3,19;3,0;3,14;3,15;3,15;3,9;3,4;3,14;3,7;0,9;0,19;0,5;0,4;0,14;0,8;0,5;0,3;0,16;0,2;0,14;0,13;0,5;0,4;0,17;0,14;0,12;0,11;0,12;0,19;0,15;0,13;0,1;0,2;0,19;0,13;0,3;0,12;0,15;0,13;0,7;0,18;0,4;0,2;0,1;
0,12;0,6;0,5;0,1;0,19;0,14;0,2;0,8;0,8;0,4;0,11;0,15;0,7;0,2;0,16;0,18;0,19;0,12;0,10;0,14;0,0;0,13;0,2;0,12;0,4;0,19;0,6;0,2;0,6;0,6;3,15;3,17;3,3;3,7;3,16;3,7;3,15;3,10;3,10;3,11;3,9;3,2;3,0;3,0;3,10;3,6;3,0;3,10;3,11;0,8;3,18;3,14;0,0;0,0;0,6;0,9;0,4;0,3;0,18;0,9;0,3;0,13;0,1;0,11;0,6;0,3;0,5;0,8;0,16;0,8;0,11;0,9;0,12;0,7;0,4;0,8;0,12;0,11;0,0;0,18;0,18;0,3;0,8;0,8;0,9;0,4;
0,7;0,18;0,1;0,16;0,4;0,4;0,16;0,1;0,7;0,17;0,2;0,13;0,5;0,15;0,2;0,6;0,8;0,3;0,9;0,8;0,12;0,9;0,6;0,12;0,0;0,6;0,3;0,9;0,10;0,19;3,1;3,11;3,14;3,8;3,6;3,15;3,14;3,17;3,0;3,16;3,5;3,17;3,10;3,17;3,9;3,19;3,15;3,7;3,5;3,9;3,4;3,12;0,9;0,3;0,15;0,9;0,19;0,6;0,4;0,7;0,5;0,8;0,8;0,14;0,15;0,11;0,8;0,5;0,10;0,7;0,19;0,2;0,3;0,14;0,15;0,13;0,2;0,1;0,17;0,11;0,5;0,18;0,17;0,10;0,14;0,4;
0,12;0,11;0,18;0,11;0,16;0,14;0,9;0,2;0,19;0,10;0,15;0,0;0,0;0,10;0,1;0,4;0,6;0,14;0,8;0,1;0,12;0,13;0,18;0,9;0,3;0,2;0,6;0,14;0,8;0,2;3,1;3,10;3,18;3,16;3,7;3,9;3,9;3,13;3,9;3,17;3,9;3,3;3,17;3,17;3,5;3,17;3,18;3,10;3,14;3,19;3,0;3,4;0,2;0,6;0,18;0,18;0,17;0,8;0,11;0,0;0,6;0,18;0,2;0,2;0,7;0,1;0,19;0,16;0,7;0,15;0,16;0,0;0,4;0,4;0,2;0,9;0,16;0,7;0,16;0,10;0,18;0,0;0,19;0,19;0,0;0,8;
0,13;0,17;0,16;0,7;0,15;0,0;0,14;0,2;0,13;0,1;0,11;0,6;0,19;0,6;0,12;0,3;0,9;0,4;0,14;0,3;0,8;0,3;0,2;0,15;0,14;0,17;0,19;0,2;0,0;0,13;3,16;3,1;3,7;3,5;3,14;3,4;3,6;3,15;3,14;3,12;3,1;3,2;3,17;3,3;3,6;3,11;3,9;3,3;3,7;3,19;3,15;3,10;0,4;0,16;0,17;0,6;0,11;0,15;0,15;0,11;0,17;0,12;0,15;0,5;0,11;0,8;0,3;0,9;0,17;0,1;0,14;0,14;0,13;0,12;0,0;0,4;0,11;0,5;0,6;0,17;0,6;0,3;0,19;0,16;0,3;0,8;
0,17;0,14;0,8;0,14;0,7;0,16;0,0;0,3;0,13;0,8;0,12;0,15;0,2;0,17;0,6;0,15;0,13;0,14;0,9;0,8;0,6;0,9;0,13;0,1;0,16;0,16;0,5;0,17;0,12;0,11;3,18;3,15;3,0;3,15;3,0;3,10;3,6;3,12;3,11;3,16;3,18;3,12;3,9;3,15;3,19;3,19;3,19;3,4;3,17;3,3;3,7;3,18;0,12;0,18;0,2;0,17;0,1;0,17;0,10;0,2;0,18;0,16;0,12;0,18;0,5;0,8;0,0;0,2;0,11;0,10;0,7;0,11;0,14;0,5;0,8;0,6;0,7;0,1;0,17;0,16;0,17;0,9;0,11;0,15;0,6;0,10;
0,18;0,19;0,17;0,12;0,5;0,9;0,6;0,12;0,15;0,17;0,8;0,15;0,0;0,6;0,5;0,5;0,4;0,4;0,15;0,1;0,0;0,7;0,8;0,4;0,13;0,1;0,11;0,6;0,15;0,16;3,8;3,5;3,12;3,4;3,12;3,11;3,19;3,11;3,11;3,7;3,13;3,10;3,3;3,4;3,8;3,14;3,1;3,6;3,10;3,5;3,8;3,1;0,6;0,14;0,4;0,5;0,19;0,17;0,11;0,15;0,2;0,3;0,19;0,5;0,1;0,10;0,5;0,1;0,4;0,5;0,0;0,6;0,4;0,19;0,5;0,3;0,9;0,15;0,16;0,19;0,14;0,2;0,8;0,6;0,4;0,0;
0,1;0,19;0,3;0,13;0,0;0,7;0,9;0,18;0,8;0,9;0,0;0,14;0,7;0,13;0,0;0,7;0,8;0,5;0,3;0,13;0,16;0,5;0,7;0,10;0,5;0,6;0,14;0,14;0,16;0,10;3,17;3,16;3,17;3,6;3,14;3,2;3,6;3,16;3,10;3,11;3,18;3,14;3,11;3,15;3,3;3,16;3,7;3,15;3,18;3,13;3,11;3,18;0,14;0,5;0,4;0,16;0,2;0,10;0,10;0,9;0,0;0,18;0,3;0,19;0,7;0,16;0,18;0,2;0,15;0,18;0,14;0,18;0,11;0,15;0,19;0,16;0,5;0,12;0,6;0,1;0,19;0,2;0,15;0,11;0,11;0,11;
0,9;0,18;0,4;0,1;0,1;0,18;0,1;0,13;0,17;0,5;0,16;0,1;0,12;0,4;0,15;0,3;0,11;0,3;0,8;0,8;0,5;0,9;0,8;0,10;0,8;0,17;0,0;0,17;0,14;0,10;3,17;3,12;3,4;3,17;3,6;3,9;3,8;3,3;3,3;3,19;3,12;3,15;3,17;3,18;3,6;3,17;3,7;3,19;3,5;3,11;3,1;3,4;0,15;0,11;0,16;0,19;0,7;0,6;0,2;0,12;0,13;0,12;0,2;0,14;0,17;0,17;0,0;0,7;0,4;0,11;0,2;0,12;0,0;0,16;0,19;0,6;0,12;0,6;0,1;0,4;0,17;0,7;0,3;0,5;0,12;0,9;
0,2;0,1;0,0;0,14;0,0;0,13;0,10;0,9;0,0;0,4;0,19;0,10;0,0;0,4;0,4;0,16;0,9;0,11;0,17;0,8;0,9;0,9;0,9;0,7;0,18;0,16;0,12;0,8;0,3;0,3;3,10;3,17;3,11;3,9;3,13;3,17;3,17;3,11;3,14;3,12;3,5;3,13;3,16;3,3;3,16;3,9;3,15;3,1;3,12;3,18;3,11;0,17;0,10;0,4;0,5;0,3;0,19;0,11;0,9;0,6;0,10;0,1;0,9;0,3;0,8;0,9;0,19;0,9;0,5;0,10;0,10;0,0;0,6;0,18;0,3;0,19;0,4;0,8;0,17;0,19;0,8;0,6;0,9;0,9;0,1;0,8;
0,16;0,17;0,5;0,13;0,5;0,17;0,1;0,9;0,18;0,12;0,17;0,14;0,11;0,17;0,15;0,12;0,7;0,4;0,16;0,0;0,2;0,13;0,8;0,0;0,17;0,19;0,11;0,9;0,19;0,14;3,10;3,17;3,16;3,13;3,17;3,17;3,3;3,4;3,19;3,13;3,13;3,18;3,19;3,19;3,3;3,1;3,9;3,8;3,2;3,16;3,17;3,14;0,0;0,4;0,3;0,17;0,7;0,4;0,13;0,12;0,10;0,10;0,17;0,13;0,5;0,8;0,10;0,12;0,19;0,7;0,12;0,7;0,10;0,2;0,5;0,10;0,9;0,6;0,10;0,4;0,13;0,17;0,3;0,12;0,12;0,13;
0,14;0,2;0,2;0,7;0,0;0,3;0,11;0,1;0,4;0,4;0,15;0,18;0,10;0,7;0,0;0,9;0,4;0,11;0,1;0,15;0,19;0,11;0,8;0,2;0,18;0,12;0,18;0,14;0,16;0,1;3,12;3,7;3,4;3,15;3,6;3,19;3,13;3,10;3,5;3,18;3,4;3,19;3,11;3,5;3,19;3,4;3,4;3,14;3,12;3,1;3,17;0,15;0,17;0,8;0,12;0,9;0,8;0,15;0,7;0,16;0,12;0,5;0,13;0,12;0,0;0,3;0,12;0,16;0,8;0,10;0,14;0,12;0,4;0,17;0,6;0,14;0,3;0,3;0,13;0,5;0,1;0,12;0,12;0,15;0,2;0,19;
0,7;0,1;0,15;0,5;0,7;0,9;0,1;0,15;0,2;0,13;0,11;0,11;0,10;0,11;0,7;0,3;0,15;0,2;0,18;0,9;0,4;0,19;0,4;0,12;0,14;0,6;0,17;0,3;0,7;0,18;3,13;3,3;3,2;3,13;3,13;3,5;3,7;3,11;3,17;3,1;3,11;3,19;3,14;3,9;3,9;3,14;3,6;3,17;3,0;3,6;3,15;0,6;0,3;0,14;0,6;0,12;0,3;0,9;0,14;0,10;0,1;0,1;0,9;0,16;0,16;0,19;0,13;0,15;0,12;0,12;0,3;0,8;0,3;0,10;0,17;0,1;0,9;0,9;0,15;0,8;0,7;0,16;0,2;0,19;0,10;0,10;
0,14;0,3;0,2;0,15;0,9;0,15;0,6;0,11;0,16;0,3;0,18;0,9;0,13;0,9;0,5;0,18;0,18;0,0;0,13;0,16;0,15;0,18;0,10;0,15;0,6;0,9;0,16;0,2;0,2;0,0;3,8;3,14;3,0;3,15;3,10;3,13;3,16;3,8;3,18;3,8;3,15;3,13;3,5;3,4;3,3;3,17;3,6;3,17;3,0;0,3;3,18;0,4;0,7;0,1;0,13;0,11;0,8;0,0;0,16;0,10;0,14;0,11;0,18;0,17;0,0;0,17;0,7;0,5;0,14;0,14;0,8;0,14;0,7;0,18;0,2;0,4;0,12;0,1;0,18;0,18;0,1;0,17;0,1;0,12;0,19;0,2;
0,16;0,19;0,8;0,7;0,1;0,5;0,8;0,6;0,16;0,16;0,5;0,16;0,11;0,8;0,7;0,10;0,13;0,6;0,4;0,13;0,8;0,18;0,7;0,12;0,5;0,17;0,19;0,8;0,3;0,6;3,4;3,15;3,19;3,17;3,8;3,6;3,1;3,19;3,7;3,7;3,6;3,5;3,6;3,12;3,14;3,5;3,15;3,8;3,11;0,12;0,1;0,13;0,4;0,10;0,13;0,18;0,10;0,10;0,2;0,13;0,6;0,4;0,18;0,11;0,14;0,19;0,19;0,14;0,13;0,9;0,9;0,19;0,4;0,9;0,0;0,12;0,12;0,14;0,2;0,8;0,14;0,17;0,14;0,3;0,16;0,13;
0,10;0,12;0,16;0,7;0,3;0,16;0,11;0,9;0,6;0,15;0,11;0,19;0,6;0,12;0,3;0,2;0,18;0,17;0,4;0,3;0,1;0,5;0,0;0,12;0,3;0,12;0,15;0,19;0,14;0,19;3,1;3,8;3,8;3,6;3,9;3,15;3,2;3,4;3,15;3,5;3,4;3,11;3,5;3,19;3,6;3,3;3,6;3,4;0,0;0,19;0,1;0,7;0,18;0,2;0,2;0,3;0,8;0,9;0,3;0,13;0,14;0,18;0,8;0,1;0,15;0,16;0,13;0,16;0,19;0,16;0,2;0,11;0,13;0,19;0,5;0,3;0,7;0,3;0,6;0,17;0,10;0,0;0,18;0,16;0,1;0,2;
0,13;0,15;0,5;0,6;0,4;0,8;0,2;0,7;0,8;0,4;0,12;0,3;0,9;0,14;0,17;0,18;0,10;0,12;0,3;0,12;0,8;0,11;0,17;0,18;0,9;0,13;0,1;0,16;0,5;0,7;0,19;0,17;3,16;3,17;3,3;3,1;3,9;3,8;3,14;3,0;3,11;3,17;3,7;3,17;3,14;3,2;0,6;0,11;0,6;0,19;0,19;0,12;0,4;0,19;0,17;0,7;0,12;0,2;0,11;0,12;0,15;0,12;0,2;0,6;0,6;0,7;0,8;0,3;0,19;0,18;0,18;0,6;0,15;0,6;0,3;0,15;0,14;0,10;0,9;0,13;0,12;0,2;0,9;0,12;0,17;0,5;
0,9;0,14;0,10;0,15;0,3;0,12;0,18;0,7;0,18;0,8;0,5;0,9;0,12;0,13;0,5;0,12;0,13;0,8;0,17;0,8;0,2;0,1;0,14;0,4;0,16;0,18;0,10;0,3;0,4;0,12;0,0;0,18;0,9;0,14;0,1;3,5;0,9;3,18;3,1;3,6;3,2;3,11;0,18;3,15;0,0;3,9;0,17;0,9;0,15;0,14;0,16;0,3;0,14;0,2;0,2;0,0;0,14;0,15;0,10;0,3;0,14;0,0;0,13;0,4;0,7;0,6;0,4;0,11;0,7;0,12;0,18;0,14;0,5;0,3;0,11;0,13;0,11;0,3;0,11;0,12;0,0;0,16;0,12;0,10;0,18;0,7;
0,0;0,12;0,10;0,13;0,12;0,17;0,10;0,1;0,19;0,11;0,11;0,19;0,8;0,12;0,4;0,0;0,14;0,7;0,8;0,4;0,13;0,11;0,12;0,0;0,3;0,9;0,12;0,10;0,4;0,11;0,14;0,14;0,16;0,4;0,15;0,4;0,15;0,9;0,14;0,10;0,4;0,16;0,9;0,12;0,14;0,5;0,1;0,0;0,17;0,11;0,19;0,0;0,6;0,2;0,5;0,15;0,1;0,11;0,5;0,11;0,13;0,1;0,10;0,13;0,9;0,9;0,7;0,5;0,10;0,8;0,5;0,4;0,12;0,19;0,4;0,11;0,16;0,5;0,18;0,2;0,19;0,8;0,19;0,18;0,11;0,3;
0,16;0,14;0,4;0,12;0,16;0,7;0,15;0,4;0,16;0,0;0,6;0,3;0,6;0,11;0,6;0,19;0,19;0,11;0,16;0,10;0,13;0,13;0,11;0,15;0,2;0,8;0,0;0,9;0,8;0,18;0,7;0,17;0,11;0,9;0,16;0,13;0,16;0,9;0,15;0,10;0,12;0,0;0,4;0,3;0,15;0,15;0,14;0,5;0,19;0,18;0,10;0,2;0,5;0,16;0,8;0,19;0,0;0,1;0,10;0,18;0,13;0,5;0,4;0,18;0,6;0,5;0,7;0,3;0,17;0,13;0,11;0,1;0,2;0,6;0,3;0,4;0,1;0,17;0,5;0,5;0,6;0,12;0,9;0,5;0,11;0,16;
0,17;0,8;0,12;0,8;0,0;0,5;0,7;0,7;0,18;0,6;0,8;0,5;0,7;0,2;0,15;0,2;0,14;0,5;0,4;0,5;0,16;0,12;0,0;0,3;0,14;0,15;0,19;0,19;0,17;0,1;0,2;0,9;0,4;0,7;0,8;0,0;0,5;0,5;0,3;0,8;0,11;0,7;0,5;0,5;0,9;0,0;0,4;0,0;0,16;0,5;0,16;0,16;0,1;0,7;0,1;0,2;0,3;0,4;0,10;0,19;0,6;0,7;0,17;0,12;0,15;0,12;0,12;0,17;0,12;0,8;0,7;0,9;0,12;0,0;0,19;0,9;0,3;0,16;0,7;0,1;0,17;0,7;0,8;0,9;0,12;0,7;
0,19;0,17;0,5;0,19;0,8;0,14;0,0;0,0;0,13;0,14;0,16;0,18;0,4;0,19;0,4;0,16;0,15;0,17;0,12;0,10;0,16;0,1;0,11;0,13;0,5;0,16;0,12;0,14;0,15;0,3;0,5;0,4;0,5;0,17;0,11;0,16;0,12;0,17;0,11;0,2;0,2;0,7;0,1;0,0;0,18;0,5;0,13;0,1;0,6;0,10;0,1;0,10;0,4;0,10;0,3;0,0;0,18;0,19;0,8;0,8;0,5;0,4;0,17;0,3;0,4;0,13;0,3;0,9;0,16;0,0;0,7;0,18;0,15;0,17;0,2;0,13;0,5;0,11;0,16;0,13;0,9;0,4;0,12;0,6;0,19;0,4;
0,5;0,14;0,17;0,14;0,3;0,18;0,5;0,11;0,3;0,6;0,10;0,7;0,14;0,8;0,10;0,6;0,10;0,19;0,1;0,5;0,18;0,2;0,13;0,1;0,13;0,15;0,1;0,9;0,8;0,14;0,12;0,4;0,19;0,10;0,8;0,13;0,5;0,13;0,19;0,17;0,4;0,9;0,9;0,7;0,18;0,3;0,12;0,16;0,15;0,18;0,18;0,16;0,18;0,19;0,10;0,2;0,10;0,16;0,2;0,13;0,19;0,10;0,9;0,1;0,18;0,0;0,5;0,10;0,17;0,8;0,5;0,10;0,12;0,8;0,12;0,9;0,13;0,8;0,18;0,17;0,6;0,11;0,4;0,11;0,2;0,9;
0,19;0,9;0,19;0,13;0,12;0,7;0,6;0,2;0,3;0,9;0,1;0,19;0,9;0,16;0,8;0,1;0,0;0,6;0,0;0,9;0,2;0,13;0,4;0,19;0,13;0,15;0,6;0,19;0,9;0,3;0,1;0,11;0,14;0,7;0,4;0,3;0,5;0,14;0,9;0,2;0,3;0,9;0,8;0,17;0,8;0,17;0,1;0,15;0,4;0,6;0,12;0,7;0,6;0,2;0,2;0,9;0,4;0,8;0,11;0,9;0,12;0,1;0,8;0,2;0,15;0,9;0,4;0,17;0,12;0,4;0,16;0,19;0,3;0,19;0,10;0,9;0,15;0,4;0,11;0,7;0,5;0,13;0,6;0,5;0,16;0,18;
0,12;0,18;0,9;0,8;0,14;0,8;0,18;0,11;0,2;0,7;0,15;0,1;0,3;0,1;0,9;0,4;0,19;0,2;0,1;0,17;0,9;0,14;0,8;0,19;0,12;0,7;0,3;0,15;0,12;0,15;0,18;0,6;0,17;0,10;0,5;0,7;0,3;0,11;0,5;0,4;0,11;0,18;0,2;0,0;0,8;0,10;0,8;0,5;0,5;0,8;0,18;0,6;0,16;0,19;0,4;0,11;0,7;0,17;0,4;0,6;0,1;0,19;0,6;0,2;0,6;0,15;0,0;0,16;0,5;0,9;0,0;0,3;0,13;0,10;0,7;0,16;0,8;0,8;0,10;0,13;0,2;0,1;0,3;0,17;0,3;0,5;
0,9;0,3;0,19;0,10;0,4;0,0;0,10;0,8;0,11;0,7;0,1;0,19;0,10;0,9;0,13;0,18;0,8;0,10;0,8;0,11;0,16;0,18;0,2;0,16;0,6;0,12;0,8;0,19;0,10;0,13;0,13;0,19;0,19;0,3;0,10;0,14;0,18;0,5;0,7;0,0;0,18;0,15;0,0;0,19;0,14;0,11;0,10;0,1;0,7;0,3;0,7;0,15;0,11;0,13;0,5;0,2;0,18;0,2;0,17;0,19;0,7;0,15;0,10;0,12;0,8;0,8;0,2;0,11;0,11;0,11;0,17;0,7;0,16;0,14;0,19;0,11;0,6;0,7;0,7;0,14;0,10;0,5;0,15;0,1;0,7;0,3;
0,12;0,9;0,8;0,6;0,13;0,0;0,7;0,16;0,17;0,12;0,5;0,14;0,12;0,10;0,8;0,8;0,4;0,18;0,11;0,19;0,4;0,13;0,13;0,11;0,9;0,15;0,8;0,10;0,2;0,8;0,3;0,17;0,2;0,14;0,14;0,5;0,1;0,18;0,13;0,5;0,17;0,10;0,9;0,9;0,10;0,17;0,15;0,12;0,9;0,8;0,2;0,17;0,7;0,1;0,14;0,6;0,17;0,13;0,16;0,18;0,1;0,5;0,18;0,5;0,3;0,6;0,15;0,6;0,16;0,4;0,8;0,1;0,9;0,0;0,17;0,15;0,14;0,9;0,1;0,14;0,14;0,17;0,2;0,4;0,6;0,13;
0,5;0,9;0,4;0,10;0,16;0,8;0,2;0,15;0,0;0,18;0,17;0,17;0,15;0,16;0,16;0,6;0,19;0,2;0,0;0,18;0,9;0,9;0,9;0,4;0,15;0,5;0,13;0,4;0,1;0,19;0,9;0,19;0,17;0,8;0,7;0,17;0,4;0,11;0,12;0,1;0,17;0,10;0,16;0,12;0,0;0,13;0,3;0,9;0,17;0,7;0,9;0,9;0,14;0,6;0,17;0,10;0,14;0,18;0,8;0,2;0,5;0,2;0,13;0,1;0,16;0,13;0,15;0,4;0,2;0,15;0,8;0,9;0,11;0,9;0,8;0,1;0,14;0,16;0,16;0,14;0,6;0,4;0,15;0,17;0,0;0,0;
0,19;0,11;0,19;0,15;0,2;0,14;0,5;0,15;0,1;0,17;0,7;0,0;0,11;0,5;0,12;0,10;0,1;0,2;0,14;0,4;0,17;0,7;0,8;0,18;0,8;0,0;0,7;0,16;0,3;0,14;0,1;0,3;0,12;0,14;0,14;0,18;0,0;0,13;0,19;0,1;0,7;0,2;0,16;0,1;0,14;0,11;0,1;0,6;0,11;0,3;0,15;0,12;0,4;0,16;0,10;0,3;0,11;0,7;0,18;0,19;0,5;0,17;0,1;0,19;0,0;0,17;0,12;0,6;0,8;0,16;0,10;0,9;0,15;0,1;0,18;0,13;0,0;0,13;0,7;0,0;0,9;0,11;0,17;0,10;0,9;0,16;
0,1;0,10;0,5;0,15;0,7;0,2;0,13;0,19;0,2;0,17;0,19;0,3;0,10;0,8;0,7;0,1;0,2;0,2;0,2;0,15;0,4;0,3;0,2;0,0;0,8;0,15;0,3;0,1;0,6;0,16;0,8;0,5;0,17;0,5;0,9;0,17;0,3;0,16;0,19;0,0;0,5;0,2;0,3;0,12;0,11;0,2;0,6;0,4;0,10;0,10;0,11;0,13;0,19;0,17;0,7;0,0;0,7;0,5;0,14;0,7;0,18;0,13;0,14;0,9;0,2;0,4;0,13;0,0;0,10;0,1;0,6;0,1;0,4;0,0;0,12;0,15;0,6;0,5;0,10;0,5;0,17;0,17;0,3;0,17;0,0;0,2;
0,6;0,15;0,16;0,18;0,3;0,16;0,13;0,8;0,11;0,3;0,7;0,0;0,11;0,13;0,11;0,3;0,10;0,1;0,2;0,14;0,10;0,0;0,6;0,10;0,12;0,2;0,17;0,11;0,3;0,4;0,13;0,10;0,17;0,4;0,19;0,14;0,16;0,18;0,7;0,17;0,1;0,16;0,9;0,5;0,3;0,4;0,5;0,16;0,16;0,17;0,19;0,11;0,6;0,11;0,10;0,3;0,7;0,16;0,17;0,0;0,11;0,18;0,0;0,16;0,3;0,16;0,14;0,2;0,19;0,9;0,8;0,15;0,1;0,5;0,16;0,10;0,6;0,4;0,9;0,19;0,11;0,7;0,3;0,6;0,19;0,5;
0,16;0,1;0,10;0,5;0,18;0,9;0,19;0,2;0,1;0,5;0,11;0,11;0,9;0,7;0,14;0,7;0,2;0,9;0,0;0,17;0,2;0,16;0,9;0,12;0,0;0,1;0,9;0,6;0,10;0,8;0,1;0,9;0,19;0,11;0,15;0,10;0,8;0,14;0,18;0,17;0,4;0,7;0,19;0,19;0,12;0,15;0,19;0,2;0,2;0,5;0,12;0,11;0,1;0,17;0,0;0,16;0,2;0,14;0,6;0,19;0,6;0,2;0,5;0,2;0,15;0,0;0,9;0,13;0,17;0,13;0,2;0,1;0,2;0,1;0,12;0,19;0,19;0,11;0,7;0,14;0,14;0,10;0,13;0,1;0,0;0,10;
0,1;0,3;0,13;0,8;0,8;0,7;0,15;0,17;0,5;0,1;0,5;0,2;0,4;0,10;0,19;0,13;0,4;0,13;0,17;0,1;0,12;0,19;0,4;0,9;0,16;0,11;0,6;0,1;0,8;0,5;0,0;0,5;0,10;0,12;0,10;0,2;0,17;0,11;0,10;0,19;0,18;0,19;0,19;0,5;0,0;0,12;0,2;0,17;0,6;0,3;0,8;0,11;0,14;0,1;0,19;0,13;0,1;0,5;0,18;0,15;0,15;0,13;0,10;0,11;0,19;0,6;0,15;0,12;0,16;0,19;0,9;0,10;0,5;0,7;0,18;0,11;0,18;0,12;0,17;0,16;0,17;0,12;0,13;0,12;0,2;0,15;
0,3;0,19;0,17;0,3;0,5;0,7;0,10;0,6;0,7;0,11;0,13;0,18;0,7;0,18;0,14;0,19;0,12;0,6;0,12;0,8;0,8;0,8;0,8;0,10;0,10;0,9;0,15;0,10;0,13;0,19;0,18;0,4;0,9;0,9;0,2;0,15;0,16;0,7;0,2;0,16;0,10;0,15;0,18;0,6;0,19;0,5;0,13;0,8;0,9;0,14;0,19;0,13;0,15;0,3;0,6;0,15;0,15;0,17;0,8;0,13;0,3;0,12;0,8;0,2;0,2;0,7;0,3;0,9;0,3;0,3;0,11;0,10;0,5;0,11;0,6;0,3;0,18;0,14;0,7;0,9;0,19;0,16;0,8;0,4;0,2;0,4;
0,3;0,10;0,8;0,7;0,3;0,0;0,19;0,5;0,13;0,1;0,10;0,3;0,3;0,12;0,11;0,16;0,15;0,19;0,2;0,10;0,5;0,8;0,13;0,11;0,13;0,1;0,17;0,1;0,5;0,13;0,6;0,17;0,14;0,15;0,12;0,16;0,0;0,19;0,4;0,15;0,5;0,8;0,13;0,11;0,1;0,18;0,3;0,12;0,16;0,9;0,0;0,12;0,15;0,14;0,15;0,14;0,0;0,16;0,6;0,9;0,2;0,14;0,17;0,12;0,1;0,19;0,9;0,10;0,13;0,13;0,4;0,1;0,16;0,13;0,13;0,14;0,4;0,0;0,10;0,12;0,12;0,6;0,10;0,16;0,13;0,2;
0,0;0,10;0,19;0,16;0,11;0,11;0,8;0,2;0,2;0,15;0,2;0,17;0,8;0,12;0,9;0,15;0,0;0,10;0,9;0,15;0,12;0,18;0,3;0,17;0,16;0,7;0,9;0,0;0,14;0,16;0,7;0,18;0,10;0,2;0,8;0,0;0,3;0,9;0,1;0,8;0,0;0,2;0,8;0,5;0,9;0,4;0,14;0,2;0,3;0,8;0,13;0,2;0,13;0,11;0,13;0,10;0,14;0,0;0,2;0,5;0,17;0,14;0,7;0,12;0,19;0,18;0,3;0,2;0,14;0,9;0,17;0,10;0,4;0,11;0,15;0,10;0,12;0,2;0,1;0,4;0,16;0,15;0,15;0,13;0,2;0,16;
0,12;0,2;0,3;0,5;0,9;0,11;0,13;0,1;0,15;0,14;0,13;0,7;0,5;0,15;0,3;0,15;0,1;0,1;0,2;0,5;0,17;0,9;0,15;0,18;0,15;0,2;0,0;0,17;0,5;0,17;0,18;0,6;0,7;0,18;0,5;0,4;0,12;0,13;0,7;0,6;0,16;0,5;0,9;0,2;0,6;0,19;0,17;0,14;0,5;0,5;0,3;0,19;0,15;0,3;0,7;0,13;0,16;0,0;0,4;0,9;0,4;0,7;0,8;0,9;0,11;0,4;0,9;0,17;0,2;0,15;0,18;0,8;0,0;0,12;0,15;0,12;0,16;0,8;0,19;0,13;0,11;0,2;0,19;0,14;0,4;0,15;
0,11;0,12;0,7;0,13;0,7;0,8;0,14;0,11;0,2;0,4;0,2;0,18;0,17;0,12;0,0;0,18;0,13;0,0;0,16;0,10;0,9;0,9;0,16;0,2;0,14;0,19;0,2;0,16;0,3;0,6;0,11;0,1;0,16;0,4;0,5;0,13;0,17;0,0;0,3;0,16;0,12;0,5;0,11;0,3;0,7;0,7;0,18;0,10;0,19;0,15;0,5;0,8;0,14;0,10;0,2;0,4;0,19;0,16;0,14;0,10;0,2;0,15;0,15;0,16;0,17;0,12;0,15;0,15;0,9;0,0;0,2;0,5;0,2;0,7;0,2;0,5;0,4;0,9;0,8;0,4;0,10;0,1;0,4;0,8;0,14;0,8;
0,19;0,15;0,4;0,6;0,13;0,6;0,17;0,19;0,13;0,19;0,1;0,13;0,17;0,5;0,7;0,4;0,16;0,9;0,12;0,18;0,14;0,0;0,4;0,19;0,14;0,9;0,1;0,16;0,18;0,9;0,10;0,16;0,0;0,7;0,4;0,10;0,3;0,10;0,19;0,14;0,7;0,13;0,9;0,6;0,10;0,17;0,0;0,15;0,0;0,10;0,18;0,6;0,6;0,11;0,4;0,19;0,14;0,6;0,19;0,1;0,18;0,13;0,1;0,12;0,16;0,6;0,2;0,15;0,15;0,18;0,0;0,19;0,4;0,0;0,19;0,10;0,15;0,4;0,19;0,18;0,7;0,7;0,15;0,18;0,10;0,3;
0,8;0,8;0,3;0,4;0,1;0,5;0,1;0,3;0,9;0,1;0,12;0,19;0,4;0,5;0,9;0,18;0,15;0,17;0,13;0,7;0,13;0,2;0,13;0,8;0,4;0,12;0,4;0,12;0,9;0,14;0,17;0,7;0,1;0,13;0,12;0,6;0,2;0,6;0,11;0,7;0,13;0,9;0,6;0,9;0,1;0,12;0,19;0,2;0,14;0,2;0,14;0,1;0,13;0,9;0,8;0,2;0,12;0,16;0,8;0,15;0,12;0,16;0,17;0,13;0,19;0,2;0,2;0,6;0,17;0,14;0,13;0,18;0,6;0,1;0,12;0,13;0,7;0,17;0,13;0,2;0,15;0,18;0,8;0,16;0,5;0,16;
0,12;0,19;0,9;0,19;0,9;0,13;0,0;0,2;0,5;0,15;0,6;0,15;0,4;0,17;0,6;0,11;0,3;0,9;0,3;0,3;0,17;0,0;0,17;0,19;0,12;0,15;0,2;0,4;0,19;0,11;0,5;0,0;0,19;0,7;0,13;0,17;0,10;0,5;0,16;0,18;0,11;0,8;0,2;0,3;0,3;0,5;0,3;0,13;0,5;0,1;0,10;0,1;0,8;0,11;0,17;0,15;0,3;0,13;0,1;0,16;0,13;0,3;0,6;0,16;0,8;0,9;0,14;0,3;0,12;0,3;0,1;0,10;0,11;0,12;0,7;0,7;0,16;0,5;0,5;0,9;0,17;0,14;0,11;0,3;0,6;0,13;
0,18;0,13;0,7;0,7;0,0;0,3;0,1;0,18;0,16;0,13;0,17;0,6;0,3;0,15;0,16;0,16;0,2;0,12;0,16;0,6;0,14;0,15;0,8;0,16;0,8;0,15;0,7;0,8;0,14;0,8;0,10;0,10;0,0;0,9;0,17;0,14;0,13;0,14;0,14;0,1;0,9;0,8;0,13;0,7;0,6;0,2;0,7;0,13;0,0;0,15;0,16;0,7;0,1;0,9;0,6;0,4;0,14;0,15;0,18;0,15;0,17;0,2;0,8;0,12;0,9;0,15;0,12;0,3;0,19;0,5;0,11;0,12;0,5;0,7;0,15;0,18;0,3;0,14;0,9;0,4;0,16;0,8;0,19;0,4;0,11;0,11;
0,6;0,1;0,19;0,1;0,9;0,16;0,10;0,1;0,0;0,6;0,2;0,19;0,2;0,4;0,13;0,3;0,4;0,6;0,7;0,7;0,5;0,17;0,1;0,3;0,11;0,1;0,4;0,0;0,19;0,13;0,19;0,5;0,4;0,6;0,2;0,0;0,18;0,3;0,1;0,1;0,11;0,6;0,0;0,17;0,7;0,8;0,3;0,7;0,1;0,1;0,6;0,8;0,18;0,19;0,12;0,19;0,7;0,18;0,7;0,18;0,18;0,4;0,13;0,1;0,17;0,6;0,7;0,8;0,5;0,13;0,10;0,1;0,10;0,0;0,3;0,2;0,16;0,9;0,19;0,7;0,0;0,6;0,8;0,11;0,15;0,14;
0,17;0,18;0,19;0,4;0,9;0,4;0,14;0,2;0,17;0,16;0,17;0,3;0,7;0,9;0,7;0,18;0,19;0,2;0,9;0,19;0,11;0,13;0,15;0,16;0,9;0,9;0,15;0,4;0,19;0,11;0,8;0,11;0,0;0,17;0,2;0,16;0,7;0,12;0,7;0,2;0,14;0,6;0,9;0,19;0,7;0,14;0,4;0,12;0,3;0,14;0,1;0,10;0,15;0,18;0,15;0,11;0,12;0,6;0,17;0,13;0,5;0,16;0,14;0,2;0,6;0,17;0,2;0,14;0,10;0,18;0,0;0,15;0,0;0,4;0,6;0,10;0,9;0,2;0,3;0,10;0,16;0,8;0,10;0,15;0,18;0,9;
0,6;0,3;0,18;0,12;0,11;0,6;0,10;0,15;0,18;0,4;0,8;0,5;0,5;0,4;0,6;0,14;0,16;0,19;0,14;0,3;0,1;0,14;0,19;0,16;0,8;0,0;0,14;0,8;0,19;0,7;0,9;0,2;0,9;0,18;0,12;0,8;0,9;0,8;0,17;0,5;0,0;0,3;0,18;0,11;0,19;0,7;0,14;0,11;0,5;0,13;0,3;0,3;0,8;0,17;0,10;0,3;0,13;0,2;0,11;0,12;0,12;0,2;0,4;0,1;0,4;0,6;0,5;0,15;0,0;0,6;0,10;0,2;0,18;0,9;0,6;0,8;0,17;0,19;0,16;0,13;0,2;0,5;0,4;0,8;0,0;0,9;
0,3;0,15;0,7;0,14;0,13;0,11;0,8;0,14;0,2;0,19;0,19;0,3;0,9;0,4;0,14;0,1;0,16;0,0;0,0;0,4;0,15;0,3;0,0;0,4;0,1;0,14;0,9;0,11;0,17;0,13;0,7;0,6;0,6;0,11;0,10;0,13;0,12;0,10;0,0;0,7;0,2;0,17;0,16;0,11;0,10;0,7;0,3;0,10;0,13;0,12;0,18;0,9;0,11;0,15;0,12;0,16;0,18;0,6;0,1;0,3;0,6;0,3;0,16;0,11;0,5;0,17;0,11;0,13;0,2;0,14;0,18;0,1;0,6;0,12;0,15;0,1;0,9;0,0;0,16;0,16;0,9;0,3;0,19;0,3;0,17;0,19;
